2024-11-12 19:34:22.783 [info] Using settings sync service https://vscode-sync.trafficmanager.net/
2024-11-12 19:34:22.783 [info] Auto Sync is enabled.
2024-11-12 19:34:22.783 [info] Auto Sync: Suspended until auth token is available.
2024-11-12 19:34:24.540 [info] Auto Sync: Triggered by Interval
2024-11-12 19:34:24.540 [info] Sync started.
2024-11-12 19:34:24.793 [info] Settings: No changes found during synchronizing settings.
2024-11-12 19:34:24.805 [info] Keybindings: No changes found during synchronizing keybindings.
2024-11-12 19:34:24.809 [info] Snippets: No changes found during synchronizing snippets.
2024-11-12 19:34:24.811 [info] Tasks: No changes found during synchronizing tasks.
2024-11-12 19:34:25.353 [info] GlobalState: Updated remote ui state. Updated: workbench.activity.pinnedViewlets2.
2024-11-12 19:34:25.357 [info] GlobalState: Updated last synchronized ui state
2024-11-12 19:34:25.399 [info] Extensions: No changes found during synchronizing extensions.
2024-11-12 19:34:25.401 [info] Profiles: No changes found during synchronizing profiles.
2024-11-12 19:34:25.403 [info] Sync done. Took 864ms
